battery_power1	0.3153409090909091	0.3210227272727273	0.19886363636363635	0.16477272727272727
battery_power2	0.23546511627906977	0.2703488372093023	0.24709302325581395	0.2441860465116279
battery_power3	0.2756598240469208	0.21994134897360704	0.25219941348973607	0.25219941348973607
battery_power4	0.16766467065868262	0.18562874251497005	0.30538922155688625	0.3413173652694611
clock_speed1	0.07670454545454546	0.21875	0.22443181818181818	0.26136363636363635
clock_speed2	0.08139534883720931	0.2558139534883721	0.23546511627906977	0.24127906976744187
clock_speed3	0.08211143695014662	0.2316715542521994	0.25513196480938416	0.23460410557184752
clock_speed4	0.06287425149700598	0.23353293413173654	0.24850299401197604	0.23952095808383234
fc1	0.1278409090909091	0.17613636363636365	0.26420454545454547	0.19602272727272727
fc2	0.13662790697674418	0.1686046511627907	0.22093023255813954	0.20348837209302326
fc3	0.09090909090909091	0.20234604105571846	0.26392961876832843	0.20821114369501467
fc4	0.1467065868263473	0.18263473053892215	0.2215568862275449	0.20359281437125748
int_memory1	0.24431818181818182	0.26420454545454547	0.2159090909090909	0.2556818181818182
int_memory2	0.22093023255813954	0.2558139534883721	0.29651162790697677	0.2063953488372093
int_memory3	0.2873900293255132	0.24926686217008798	0.18475073313782991	0.24633431085043989
int_memory4	0.2215568862275449	0.23053892215568864	0.2844311377245509	0.25748502994011974
m_dep1	0.08238636363636363	0.2840909090909091	0.3096590909090909	0.14488636363636365
m_dep2	0.11918604651162791	0.2761627906976744	0.29651162790697677	0.18895348837209303
m_dep3	0.0967741935483871	0.2903225806451613	0.30791788856304986	0.14076246334310852
m_dep4	0.08682634730538923	0.2874251497005988	0.3083832335329341	0.1497005988023952
mobile_wt1	0.21875	0.25	0.23579545454545456	0.2840909090909091
mobile_wt2	0.23255813953488372	0.25	0.24709302325581395	0.2616279069767442
mobile_wt3	0.19648093841642228	0.26099706744868034	0.28152492668621704	0.2434017595307918
mobile_wt4	0.3023952095808383	0.2694610778443114	0.2125748502994012	0.20059880239520958
n_cores1	0.13068181818181818	0.2471590909090909	0.38636363636363635	0.1278409090909091
n_cores2	0.12790697674418605	0.2877906976744186	0.32558139534883723	0.11337209302325581
n_cores3	0.12609970674486803	0.2785923753665689	0.3724340175953079	0.11730205278592376
n_cores4	0.1347305389221557	0.2275449101796407	0.39221556886227543	0.11976047904191617
pc1	0.23295454545454544	0.2585227272727273	0.25	0.20170454545454544
pc2	0.22965116279069767	0.27325581395348836	0.2180232558139535	0.2180232558139535
pc3	0.21994134897360704	0.2991202346041056	0.23460410557184752	0.20527859237536658
pc4	0.25449101796407186	0.26047904191616766	0.20958083832335328	0.23053892215568864
px_height1	0.3096590909090909	0.2727272727272727	0.2471590909090909	0.17045454545454544
px_height2	0.19767441860465115	0.2877906976744186	0.2703488372093023	0.2441860465116279
px_height3	0.2785923753665689	0.26392961876832843	0.20821114369501467	0.24926686217008798
px_height4	0.2125748502994012	0.17365269461077845	0.2694610778443114	0.3413173652694611
px_width1	0.3125	0.2727272727272727	0.2556818181818182	0.1590909090909091
px_width2	0.25872093023255816	0.2703488372093023	0.2180232558139535	0.25
px_width3	0.25513196480938416	0.25513196480938416	0.2697947214076246	0.21994134897360704
px_width4	0.16766467065868262	0.20658682634730538	0.25149700598802394	0.37425149700598803
ram1	0.8465909090909091	0.15056818181818182	0.0	0.0
ram2	0.12790697674418605	0.688953488372093	0.18313953488372092	0.0
ram3	0.0	0.16129032258064516	0.6656891495601173	0.17302052785923755
ram4	0.0	0.0	0.1497005988023952	0.8502994011976048
sc_h1	0.23579545454545456	0.21875	0.30113636363636365	0.20170454545454544
sc_h2	0.24127906976744187	0.22674418604651161	0.2616279069767442	0.20930232558139536
sc_h3	0.3020527859237537	0.21994134897360704	0.21407624633431085	0.21700879765395895
sc_h4	0.218562874251497	0.16467065868263472	0.344311377245509	0.2275449101796407
sc_w1	0.1534090909090909	0.2556818181818182	0.26704545454545453	0.22443181818181818
sc_w2	0.18895348837209303	0.313953488372093	0.20930232558139536	0.17732558139534885
sc_w3	0.17302052785923755	0.28152492668621704	0.28152492668621704	0.17008797653958943
sc_w4	0.20359281437125748	0.25449101796407186	0.19760479041916168	0.25748502994011974
talk_time1	0.23011363636363635	0.2727272727272727	0.2727272727272727	0.1846590909090909
talk_time2	0.18313953488372092	0.23546511627906977	0.2936046511627907	0.22093023255813954
talk_time3	0.19941348973607037	0.2756598240469208	0.2844574780058651	0.18181818181818182
talk_time4	0.20658682634730538	0.2934131736526946	0.26047904191616766	0.20958083832335328
blue1	0.5284090909090909	0.4715909090909091
blue2	0.5290697674418605	0.47093023255813954
blue3	0.49560117302052786	0.5043988269794721
blue4	0.47604790419161674	0.5239520958083832
dual_sim1	0.4744318181818182	0.5255681818181818
dual_sim2	0.4941860465116279	0.5058139534883721
dual_sim3	0.5366568914956011	0.4633431085043988
dual_sim4	0.4820359281437126	0.5179640718562875
four_g1	0.4715909090909091	0.5284090909090909
four_g2	0.46511627906976744	0.5348837209302325
four_g3	0.5073313782991202	0.49266862170087977
four_g4	0.4491017964071856	0.5508982035928144
three_g1	0.28125	0.71875
three_g2	0.21511627906976744	0.7848837209302325
three_g3	0.2375366568914956	0.7624633431085044
three_g4	0.23353293413173654	0.7664670658682635
touch_screen1	0.4971590909090909	0.5028409090909091
touch_screen2	0.48255813953488375	0.5174418604651163
touch_screen3	0.5366568914956011	0.4633431085043988
touch_screen4	0.5299401197604791	0.47005988023952094
wifi1	0.5227272727272727	0.4772727272727273
wifi2	0.5145348837209303	0.48546511627906974
wifi3	0.530791788856305	0.46920821114369504
wifi4	0.46706586826347307	0.5329341317365269
price_range1	0.2567469000729395
price_range2	0.25091174325309995
price_range3	0.2487235594456601
price_range4	0.24361779722830051
